765
765
765
7544
7541
7411
746
765
7544
7541
7411
765
7544
7541
765
7544
7541
7411
746
7591
7592
761111
761112
7612
7613
7614
7615
771
7712
772
7721
773
7741
7617
7564
7422
76116
7671
757
766
753
764
7619
7443
7438
763
7622
7741
7746
7754
7761
7764
7691
7581
7625
7584
751
752
7616
745
7424
7618
7561
755
765
765
7544
7541
7411
746
7591
7592
761111
761112
7612
7613
7614
7615
771
7712
772
7721
773
7741
7746
7754
7761
7764
7691
7581
7625
7584
751
752
7616
745
7424
7618
7561
755
7617
7564
7422
76116
7671
757
766
753
764
7619
7443
7438
763
7622
